1390 70   47
230  0    254  10   1
0    10   1390 15   1
0    15   1390 33   2
0    34   1390 39   1
0    24   254  24   0
230  15   254  33   3
255  22   267  22   0
255  23   265  23   0
255  24   263  24   0
255  25   261  25   0
255  26   259  26   0
255  27   257  27   0
255  21   625  21   0
613  22   625  22   0
615  23   625  23   0
617  24   625  24   0
619  25   625  25   0
621  26   625  26   0
623  27   625  27   0
626  15   644  33   3
645  22   657  22   0
645  23   655  23   0
645  24   653  24   0
645  25   651  25   0
645  26   649  26   0
645  27   647  27   0
645  21   1180 21   0
660  34   672  70   2
666  34   666  70   0
742  34   754  70   2
748  34   748  70   0
1168  22   1180  22   0
1170  23   1180  23   0
1172  24   1180  24   0
1174  25   1180  25   0
1176  26   1180  26   0
1178  27   1180  27   0
1181 15   1202 33   3
1203  22   1215  22   0
1203  23   1213  23   0
1203  24   1211  24   0
1203  25   1209  25   0
1203  26   1207  26   0
1203  27   1205  27   0
1203 21   1390 21   0
1    18   9    20   4
5    13   5    13   5



#x0, y0,  x1,  y1,  t
# colors_ids: 0 - not usable, 1 - pavement, 2 - road, 3 - crossing, 4 - vehicle, 5 - pedestrian